min
temps=6500:3600
latlon=32.687435:-97.184418
speed=1000
method=Auto
map=177.00,100;3.00,100;-6.00,0;-174.00,0;
